const names = ["AAPL", "ADBE", "ADI", "ADP", "ADSK", "AEP", "AMAT", "AMD", "AMGN", "ATVI", "BIIB", "CDNS", "CERN", "CMCSA", "COST", "CSCO", "CSX", "CTAS", "EA", "EXC", "FAST", "FISV", "GILD", "IDXX", "INCY", "INTC", "INTU", "KLAC", "LRCX", "MAR", "MCHP", "MNST", "MSFT", "MTCH", "MU", "MXIM", "ORLY", "PAYX", "PCAR", "PEP", "QCOM", "REGN", "ROST", "SBUX", "SNPS", "SWKS", "TXN", "VRTX", "WBA", "XEL", "XLNX"];

const alpha_order = [0, 1, 2, 3, 4, 5, 6, 7, 8, 9, 10, 11, 12, 13, 14, 15, 16, 17, 18, 19, 20, 21, 22, 23, 24, 25, 26, 27, 28, 29, 30, 31, 32, 33, 34, 35, 36, 37, 38, 39, 40, 41, 42, 43, 44, 45, 46, 47, 48, 49, 50];

const sector_order = [18, 33, 13, 9, 36, 29, 43, 42, 39, 14, 31, 48, 41, 24, 8, 47, 22, 23, 10, 12, 16, 17, 20, 38, 35, 34, 0, 44, 45, 46, 37, 40, 25, 30, 1, 2, 3, 4, 6, 7, 32, 11, 21, 26, 27, 28, 15, 50, 19, 5, 49];

const corr = [[0.9999999999999998, 0.9712121730334287, 0.9208114906120225, 0.9165663018135732, 0.9703683357647925, 0.8924220896864425, 0.8950565584316938, 0.6978856139807559, 0.9023816738847394, 0.9265852834079965, 0.7138697371664189, 0.9083664181118501, 0.8148103787321586, 0.896391327071432, 0.9632075900364824, 0.6860598169661715, 0.9380340940446565, 0.9585694190151663, 0.8066399365833177, 0.5649343821682974, 0.9392580291986945, 0.9322944038755805, 0.7056807395979776, 0.9810671493418733, 0.7117016445856353, 0.8282306890231743, 0.9705460173497636, 0.9692693333111518, 0.967901329550977, 0.851050638585752, 0.9433489395835913, 0.9226124827596124, 0.9711094410810719, 0.9702009711035672, 0.6186755551179716, 0.8488044005420788, 0.9226931394876197, 0.8971206001653815, 0.8689662299262029, 0.8910353046205409, 0.8925721536772999, 0.8163264252501562, 0.9147720525659371, 0.9217971381983256, 0.9782247221126616, 0.9179739540513667, 0.9392620573496355, 0.9199363938482316, 0.556251026765848, 0.9353474292514766, 0.8910370241956131], [0.9712121730334287, 0.9999999999999999, 0.9408192943168915, 0.9374379129281455, 0.9845740053832671, 0.9047102055792353, 0.9084116948176696, 0.7371346737313987, 0.9081328547512237, 0.9309416142356701, 0.6710333474895991, 0.9297471093923726, 0.7649521907087093, 0.8906670326554028, 0.9654228875897437, 0.75551940164292, 0.9481459181880235, 0.9857314831125182, 0.8582853157776301, 0.6005690970431796, 0.9080011542840892, 0.9543209298714727, 0.6614884176794424, 0.9853390939064319, 0.6862268356698671, 0.8671318232236727, 0.9844170605538042, 0.9647173262565161, 0.9610266835508965, 0.8725959589021047, 0.944996640001233, 0.9030063309887635, 0.9902695038793875, 0.9682705931677954, 0.658520916690543, 0.879563289331677, 0.9200303927623258, 0.9206425414392353, 0.8439678718611809, 0.887037004896213, 0.8466337894667733, 0.7697293818386579, 0.9190677500461331, 0.9126491574457054, 0.9800469443749523, 0.8918435976328613, 0.9627276960447103, 0.9343020381857535, 0.536168885951677, 0.9412631058994344, 0.9219969142067524], [0.9208114906120225, 0.9408192943168915, 1.0000000000000002, 0.9672806603715716, 0.9380060486255736, 0.9326523772331686, 0.9385179410176518, 0.636048256186685, 0.9559498205002722, 0.9239545795831186, 0.7809605573521733, 0.8647440337084091, 0.8389603860560132, 0.9541488111931583, 0.9576085299396734, 0.8635608109847119, 0.9416537571052614, 0.9536906156750321, 0.8801800806857669, 0.6317835881520066, 0.9154125288538152, 0.9599812105750575, 0.747153012670773, 0.9391564913637402, 0.8019651524501146, 0.9474902075051703, 0.9611696532032346, 0.9457939605058547, 0.9168578818909815, 0.9246893653745131, 0.9697591057195563, 0.9236207552009447, 0.9391324392798326, 0.9092409658992174, 0.7178362023469266, 0.9593480594216458, 0.9333148103634702, 0.973907132276679, 0.880285979523942, 0.9296386317187673, 0.8879065538281625, 0.8244322439518408, 0.9428878211360684, 0.9424631796788951, 0.925842269672771, 0.9410346666249165, 0.985452843409082, 0.9381773733499218, 0.700817694585587, 0.9454119408590199, 0.9789728493668918], [0.9165663018135732, 0.9374379129281455, 0.9672806603715716, 1.0000000000000002, 0.9393865248486328, 0.9816411417201925, 0.8733374750708562, 0.5324479569670136, 0.9684702694744997, 0.9429987943816106, 0.8325294834175493, 0.8306207212825436, 0.8932600444821797, 0.9743797248871886, 0.9803330701804924, 0.8072087582819205, 0.9779443334281184, 0.9577049015301641, 0.8681489526827197, 0.6569569030487453, 0.9367601314530507, 0.9911504893557073, 0.8135794047547803, 0.9397576755711857, 0.8141302711015492, 0.9149455897142255, 0.9736701041988931, 0.9147430257505951, 0.8885016236118333, 0.9659924197272374, 0.9677486539949534, 0.9608277152769494, 0.9295508051039394, 0.8871302129180502, 0.6262200899713788, 0.8866322646589889, 0.9764446969197625, 0.9827209816730609, 0.9092777020146849, 0.9654901003425759, 0.8595576850871319, 0.8651669441999291, 0.988377986237163, 0.9743239135130243, 0.9078362963343947, 0.9219205113776553, 0.9646960542137529, 0.9563036529205141, 0.7399954332643321, 0.9817166478224344, 0.9450266636321601], [0.9703683357647925, 0.9845740053832671, 0.9380060486255736, 0.9393865248486328, 1.0000000000000002, 0.9166455251645822, 0.9056260449621288, 0.7029378976812212, 0.9106970132140355, 0.9396774601899488, 0.6979175175560237, 0.9091489957993691, 0.7988022519827048, 0.9012245020500582, 0.9641714154530188, 0.7318316422851516, 0.9609979754854784, 0.9691466571094912, 0.8726781791507381, 0.667187005092233, 0.9313022344652057, 0.9518059753030043, 0.6926263393099639, 0.9838623845949959, 0.6939081469089803, 0.8472095005925743, 0.9795290263672394, 0.9640671959879282, 0.9654941782907883, 0.8962723782115897, 0.9648248820164954, 0.9165143395573359, 0.9729347401786737, 0.9619478401726601, 0.6096730688320487, 0.8647650133527517, 0.9222064375519401, 0.9286574222141019, 0.8906559620105042, 0.9100256782182584, 0.8765787075146927, 0.7808699631097954, 0.9253624310782418, 0.9272961635750191, 0.9681096418238084, 0.8890934106629267, 0.9546687429088979, 0.9225820988978408, 0.5805747618668097, 0.9433037790393897, 0.9124167792568146], [0.8924220896864425, 0.9047102055792353, 0.9326523772331686, 0.9816411417201925, 0.9166455251645822, 1.0, 0.8183702233468384, 0.46039398587911934, 0.9645064136570478, 0.9339881086637492, 0.8625765098752691, 0.7851045085690687, 0.9246362596420893, 0.9717302430850006, 0.9703141182967329, 0.7565746511695831, 0.9605712839722725, 0.9231501706076134, 0.8596307932777398, 0.6959033126208066, 0.9412136633267267, 0.979366671562962, 0.8554382021020673, 0.9057580271201353, 0.8319554261982308, 0.8782422282030314, 0.9441371353891062, 0.8759720153254953, 0.8483487267914088, 0.9597487698419461, 0.9489536916703436, 0.9662819761353135, 0.8931076267205815, 0.8366785801330023, 0.5366315574906412, 0.8318780415724515, 0.9751970669818298, 0.9687661277962977, 0.9341634678899899, 0.9842105676358127, 0.8484505625595617, 0.891792404624649, 0.978525820944469, 0.9745003215396255, 0.8709871102876159, 0.899565198941452, 0.9265642515495552, 0.9476758550090062, 0.777844920596099, 0.9889412539787727, 0.9005383194023151], [0.8950565584316938, 0.9084116948176696, 0.9385179410176518, 0.8733374750708562, 0.9056260449621288, 0.8183702233468384, 1.0000000000000002, 0.7332062985897447, 0.8567900017754772, 0.8780464689178968, 0.6210876938877534, 0.8976627969524386, 0.6888214888496407, 0.863347495853694, 0.8760321383350536, 0.8162891658113562, 0.8627436947337226, 0.9157822029614592, 0.8434021343805992, 0.5472408765471231, 0.8166056535869174, 0.8783416482284369, 0.5897614153425867, 0.9180520321137945, 0.6927428993164424, 0.8958116012231871, 0.9031855830818342, 0.9608858977132231, 0.9536524791849873, 0.8342960044499848, 0.9249221066657277, 0.8295975697866911, 0.9250177047751613, 0.9111570708659378, 0.7908553688172953, 0.9363791915240716, 0.8202222616648407, 0.8846942196466369, 0.7765207613243597, 0.8138536114660058, 0.8264776567213854, 0.6902699230948187, 0.837890233167146, 0.8416092611156287, 0.9224003649184345, 0.9015551303780853, 0.9554629789411774, 0.8384887664231074, 0.5526827065584519, 0.8467087383006432, 0.9099618839205008], [0.6978856139807559, 0.7371346737313987, 0.636048256186685, 0.5324479569670136, 0.7029378976812212, 0.46039398587911934, 0.7332062985897447, 1.0000000000000002, 0.5077860868834293, 0.5297156117509841, 0.150148482550844, 0.8261393662149994, 0.2537622860425904, 0.47446475749853545, 0.5970890618240341, 0.5300723804251575, 0.5451605181686446, 0.7065635297755197, 0.5404591176822823, 0.24734210379359117, 0.5124963248147444, 0.567302474428891, 0.1245752157458316, 0.7064252612910134, 0.2798039859492971, 0.5801987855645941, 0.6563378695522326, 0.7482489014729381, 0.7628944593319442, 0.42123743045660783, 0.581040243440705, 0.464437608909681, 0.7503287933799805, 0.7738202723897079, 0.6885123605946204, 0.678668424332583, 0.49920782401199926, 0.5411523765359064, 0.39331816411463266, 0.43232328281894417, 0.5543509168684324, 0.3093574181045464, 0.48292053896233167, 0.5104914607347956, 0.7578786134759, 0.5598793514605048, 0.6760750525303635, 0.5639050309306368, 0.04954684828783845, 0.5393283247106856, 0.6521255727219812], [0.9023816738847394, 0.9081328547512237, 0.9559498205002722, 0.9684702694744997, 0.9106970132140355, 0.9645064136570478, 0.8567900017754772, 0.5077860868834293, 1.0, 0.9385237438675206, 0.886901227603726, 0.7840613370375759, 0.9175199505675692, 0.977437740761406, 0.964338028504416, 0.7923427113232234, 0.9334042862593703, 0.9220056757349618, 0.8958024085575245, 0.6637034806648899, 0.9333087271854861, 0.9662571946160475, 0.8715526740451954, 0.9013751664658389, 0.8523796206914878, 0.905847004161544, 0.9379947247587188, 0.8961565914752608, 0.8592897531122167, 0.940833575601489, 0.9519601607201147, 0.9618613483360499, 0.9005465239389154, 0.8495103906506107, 0.5955865455584683, 0.8923689105699049, 0.9676634624430848, 0.9734305813141603, 0.9240299472841982, 0.9714631328234875, 0.8826788996013539, 0.9179867315529956, 0.9597877809029766, 0.9661212517173541, 0.8783788538258931, 0.9358784383529738, 0.9411244794612906, 0.9588171257796578, 0.8133446075649875, 0.9614379762581502, 0.915562552962905], [0.9265852834079965, 0.9309416142356701, 0.9239545795831186, 0.9429987943816106, 0.9396774601899488, 0.9339881086637492, 0.8780464689178968, 0.5297156117509841, 0.9385237438675206, 0.9999999999999999, 0.7970456632181472, 0.8107622996733809, 0.8625850396890365, 0.9330937589779712, 0.9473642480122272, 0.7235384128986598, 0.9544826098106471, 0.9282253683917345, 0.9109799903091517, 0.6433542130821155, 0.9105932906792362, 0.9536772687024011, 0.7912066001487608, 0.9417941425977827, 0.8025432044688635, 0.8525827883627589, 0.9416305194669182, 0.9083773604723824, 0.9022614731234058, 0.9362496776438419, 0.9673625673734738, 0.9594303518244536, 0.9106762279637408, 0.8740543070054804, 0.5814928007369756, 0.8456388237585251, 0.935257933913614, 0.9290899639728174, 0.899391979921893, 0.9344932022243487, 0.8298987690729256, 0.8590834749297229, 0.9455502327733368, 0.9287289393950375, 0.9008876783357219, 0.9272420490687525, 0.9394518519644972, 0.9280717891066681, 0.708047785246903, 0.9473025355098783, 0.8715014934979678], [0.7138697371664189, 0.6710333474895991, 0.7809605573521733, 0.8325294834175493, 0.6979175175560237, 0.8625765098752691, 0.6210876938877534, 0.150148482550844, 0.886901227603726, 0.7970456632181472, 1.0000000000000002, 0.5014738518931157, 0.9583434107771975, 0.8864628353861926, 0.8081128695849672, 0.6146041851523681, 0.7950035354853457, 0.695400045681287, 0.7186092459302483, 0.576894328409355, 0.8348249885257807, 0.8056842023259243, 0.971492420916913, 0.6835888348749177, 0.8643198830167843, 0.74181135508812, 0.743834147877847, 0.6644986784868422, 0.6175683336050802, 0.8514294112767865, 0.7974086397686743, 0.880045770346033, 0.6535327119546142, 0.6060470470051531, 0.4097702764570997, 0.6843858472645359, 0.8587125090939314, 0.8278740689938635, 0.870860700337858, 0.8861320449659673, 0.7775929118855482, 0.9435449718480714, 0.8494196603464836, 0.8558967498794545, 0.6345285783702762, 0.8207317477457753, 0.7408400746219651, 0.8313478196885284, 0.9092906318729244, 0.826525495484025, 0.7282017705240823], [0.9083664181118501, 0.9297471093923726, 0.8647440337084091, 0.8306207212825436, 0.9091489957993691, 0.7851045085690687, 0.8976627969524386, 0.8261393662149994, 0.7840613370375759, 0.8107622996733809, 0.5014738518931157, 1.0, 0.6026890704184437, 0.7902022795116627, 0.864332798530455, 0.6980349355051703, 0.833269988386387, 0.9302771170754831, 0.7577698879602381, 0.4271187605817014, 0.7851409379814192, 0.8483314254497883, 0.48395213803453924, 0.9252717251656506, 0.5982702905381455, 0.8052877981669112, 0.9023998992495306, 0.9383612955309844, 0.9347873443257028, 0.742901415700204, 0.8472907209141228, 0.7819427169579288, 0.9469910697816637, 0.9473954401651019, 0.7187133988686333, 0.8518023509914744, 0.8019329372608835, 0.817464071955354, 0.6894944257858283, 0.7491997585394873, 0.744099842685324, 0.6409058697967316, 0.7948562879646985, 0.8068054394919939, 0.9567845874216138, 0.8188021269114545, 0.8975115800132929, 0.8224048443749761, 0.3821337996548128, 0.8336850743494101, 0.8597337079443237], [0.8148103787321586, 0.7649521907087093, 0.8389603860560132, 0.8932600444821797, 0.7988022519827048, 0.9246362596420893, 0.6888214888496407, 0.2537622860425904, 0.9175199505675692, 0.8625850396890365, 0.9583434107771975, 0.6026890704184437, 1.0, 0.9276525999123478, 0.8883901806043598, 0.638250511773075, 0.8777727926102361, 0.7801621522262242, 0.7416404550159423, 0.6361487858120953, 0.9224029227538629, 0.875910225096084, 0.9532199857409757, 0.7881729629746071, 0.8538486176499029, 0.7699310017849325, 0.8345974427549542, 0.7568942749438842, 0.7251322055257977, 0.897395666444506, 0.8736565969176927, 0.9395514416442071, 0.749469370561982, 0.7127765879173462, 0.4120058603670709, 0.7186497750669814, 0.9179288610585307, 0.88215240131975, 0.9357115764021239, 0.9467645570479087, 0.853819745503341, 0.9464169761706307, 0.9147497809643947, 0.9270390714804814, 0.7397591544508128, 0.8611372436793945, 0.8105010314074064, 0.8843825516401265, 0.8531368181051268, 0.9061989721900976, 0.7922903952565042], [0.896391327071432, 0.8906670326554028, 0.9541488111931583, 0.9743797248871886, 0.9012245020500582, 0.9717302430850006, 0.863347495853694, 0.47446475749853545, 0.977437740761406, 0.9330937589779712, 0.8864628353861926, 0.7902022795116627, 0.9276525999123478, 1.0000000000000002, 0.960371327917275, 0.7906694578852429, 0.9424520518955893, 0.9195600229871161, 0.8670025680514, 0.632209278988483, 0.93114109485084, 0.9652113382123694, 0.8673969424316235, 0.9030500589362856, 0.8783461291822912, 0.8972320164383729, 0.935557523715136, 0.8952312354309034, 0.8594808852232247, 0.9543294088570538, 0.9578207075888541, 0.968371680603022, 0.8895262857523961, 0.848312505117419, 0.6059764738598631, 0.8841739607019249, 0.9679070616296782, 0.9721247594203624, 0.9221564065399136, 0.9697935497084393, 0.8754414062042382, 0.9175073984648899, 0.9677352483587883, 0.9767062420352957, 0.8771154934289703, 0.9428975927472508, 0.943932132517364, 0.9350693168573305, 0.8178030769776131, 0.9663400309111834, 0.9239332127034471], [0.9632075900364824, 0.9654228875897437, 0.9576085299396734, 0.9803330701804924, 0.9641714154530188, 0.9703141182967329, 0.8760321383350536, 0.5970890618240341, 0.964338028504416, 0.9473642480122272, 0.8081128695849672, 0.864332798530455, 0.8883901806043598, 0.960371327917275, 1.0000000000000002, 0.767270441624559, 0.9723303316245308, 0.9694112857032482, 0.8559953717867141, 0.6522221318456582, 0.9643227431965465, 0.9855130397441001, 0.8009713839721568, 0.9651437914510621, 0.786195063849379, 0.8897915979503493, 0.9862277353355257, 0.9443228142542519, 0.9232506274088539, 0.9262467112370621, 0.9660379332540683, 0.9631862938957508, 0.9613739037941924, 0.9251398902936624, 0.5961018144598311, 0.8737446142514992, 0.9779084655592584, 0.9652263943149352, 0.9202668281211072, 0.9641953467779043, 0.8984433744028464, 0.8714360195408611, 0.9753099330014299, 0.9756830518617153, 0.9473692547771291, 0.9243128890924879, 0.9630372481519769, 0.961160306433468, 0.6872918451588806, 0.9862628751323044, 0.931247398310709], [0.6860598169661715, 0.75551940164292, 0.8635608109847119, 0.8072087582819205, 0.7318316422851516, 0.7565746511695831, 0.8162891658113562, 0.5300723804251575, 0.7923427113232234, 0.7235384128986598, 0.6146041851523681, 0.6980349355051703, 0.638250511773075, 0.7906694578852429, 0.767270441624559, 1.0, 0.7479129718141585, 0.7680450229561779, 0.7333085836118112, 0.5866042381418595, 0.6953953616025028, 0.7757072672133213, 0.5827732613399017, 0.7235386301120791, 0.6928458046511264, 0.9265308743008573, 0.7679027486843788, 0.7405570877049391, 0.7033454111250914, 0.7677336756182501, 0.7714186747843218, 0.7163976467441495, 0.7697034395966855, 0.6985004873501706, 0.7363955700778341, 0.8698448716170212, 0.7366771493915545, 0.834145974972942, 0.6902730616148209, 0.7525520709542786, 0.7315442687005997, 0.6209037759340139, 0.7499075829485898, 0.7364968394562957, 0.7172155473620039, 0.7833250474494207, 0.8595835187349463, 0.7790243725059138, 0.6138084302089005, 0.7535126186933969, 0.8817514492133655], [0.9380340940446565, 0.9481459181880235, 0.9416537571052614, 0.9779443334281184, 0.9609979754854784, 0.9605712839722725, 0.8627436947337226, 0.5451605181686446, 0.9334042862593703, 0.9544826098106471, 0.7950035354853457, 0.833269988386387, 0.8777727926102361, 0.9424520518955893, 0.9723303316245308, 0.7479129718141585, 1.0000000000000002, 0.9508598414096882, 0.8462216537114752, 0.6663776668652667, 0.9464749268813262, 0.9730099646163184, 0.7786424245635226, 0.9600866439215839, 0.7675853193118741, 0.8664305397606451, 0.9759801144182306, 0.9149337187457185, 0.9075368234277355, 0.9548352063126482, 0.9708250964518718, 0.9519814948487149, 0.9309913575799148, 0.9079128967054896, 0.5904911663364172, 0.8401080721855578, 0.9556855309529181, 0.9491337027889715, 0.9176338251873675, 0.9478961435421516, 0.857119901559271, 0.8362087636654691, 0.9747254193090095, 0.9513113302990085, 0.9188594090396095, 0.9035654781459154, 0.9495105369405525, 0.944040746452923, 0.6706226697686085, 0.9711380908593713, 0.9181906584974211], [0.9585694190151663, 0.9857314831125182, 0.9536906156750321, 0.9577049015301641, 0.9691466571094912, 0.9231501706076134, 0.9157822029614592, 0.7065635297755197, 0.9220056757349618, 0.9282253683917345, 0.695400045681287, 0.9302771170754831, 0.7801621522262242, 0.9195600229871161, 0.9694112857032482, 0.7680450229561779, 0.9508598414096882, 1.0, 0.8671986803741157, 0.5723968426845416, 0.9001774493558322, 0.9703677827301019, 0.676804736648241, 0.980609974697411, 0.7230945917213158, 0.8854090398754426, 0.9857105973785525, 0.9648411585570925, 0.9510458340181859, 0.8993438969167498, 0.9527043979318788, 0.9152085211398334, 0.9826997976098234, 0.9599751175160914, 0.6791533823872858, 0.9019479439267771, 0.9364008931381465, 0.9415482185846119, 0.8375965899981974, 0.8975484196558028, 0.8336303055830703, 0.7836917179569585, 0.9407656541274405, 0.9322990945247389, 0.9748164249028765, 0.9063760353325295, 0.9724512826269492, 0.9290091346556638, 0.5795117535638719, 0.9508542520080041, 0.9344199712113519], [0.8066399365833177, 0.8582853157776301, 0.8801800806857669, 0.8681489526827197, 0.8726781791507381, 0.8596307932777398, 0.8434021343805992, 0.5404591176822823, 0.8958024085575245, 0.9109799903091517, 0.7186092459302483, 0.7577698879602381, 0.7416404550159423, 0.8670025680514, 0.8559953717867141, 0.7333085836118112, 0.8462216537114752, 0.8671986803741157, 1.0, 0.7017214984988533, 0.7893992819211224, 0.8825798586572381, 0.7110644244841343, 0.843526226375088, 0.739640697371712, 0.8194751515442871, 0.8510512128576911, 0.8403818717285395, 0.820631784750183, 0.8888704602067939, 0.9004169763802963, 0.8603890673580618, 0.8342640063718341, 0.7854673691787721, 0.5411413631135354, 0.860701457462422, 0.8442252998610692, 0.899012472083482, 0.8284005066217296, 0.8671131886939929, 0.7455807639909909, 0.7616345216596556, 0.8463228224754694, 0.8526517750333249, 0.8156334034777508, 0.8412987170414928, 0.8788971179339802, 0.8374602942615464, 0.7336436836569772, 0.8476883285003453, 0.8183010550274744], [0.5649343821682974, 0.6005690970431796, 0.6317835881520066, 0.6569569030487453, 0.667187005092233, 0.6959033126208066, 0.5472408765471231, 0.24734210379359117, 0.6637034806648899, 0.6433542130821155, 0.576894328409355, 0.4271187605817014, 0.6361487858120953, 0.632209278988483, 0.6522221318456582, 0.5866042381418595, 0.6663776668652667, 0.5723968426845416, 0.7017214984988533, 1.0, 0.6921593889760862, 0.6432787222218981, 0.6094433409072226, 0.5890187082513472, 0.42174516454624617, 0.5666966030027842, 0.6193538547865564, 0.5655765208741238, 0.562528252778617, 0.6930070705396046, 0.6827796841708189, 0.6275717648261702, 0.5737204671767189, 0.5330947284454919, 0.14482892372603884, 0.5528112155843633, 0.6223646865525031, 0.7229292804485091, 0.8046715128031464, 0.750045171170971, 0.7145408079057338, 0.5022454653379852, 0.6352624401461737, 0.6469613762095999, 0.5345249462978491, 0.5154676670677591, 0.6103526313216094, 0.6057939864517309, 0.6378467923427187, 0.6482502913098775, 0.5948450782254113], [0.9392580291986945, 0.9080011542840892, 0.9154125288538152, 0.9367601314530507, 0.9313022344652057, 0.9412136633267267, 0.8166056535869174, 0.5124963248147444, 0.9333087271854861, 0.9105932906792362, 0.8348249885257807, 0.7851409379814192, 0.9224029227538629, 0.93114109485084, 0.9643227431965465, 0.6953953616025028, 0.9464749268813262, 0.9001774493558322, 0.7893992819211224, 0.6921593889760862, 1.0, 0.9330889707889606, 0.8244979484230395, 0.9212461309048082, 0.7417271672643995, 0.8273705681076209, 0.9426033333516673, 0.9004300388126886, 0.8811309905551411, 0.894075052702667, 0.9458428682968245, 0.9426635761287072, 0.9010823601180019, 0.8838398137429644, 0.49166420155898405, 0.8173187798877108, 0.9472241896361053, 0.9296700235755426, 0.9553508499609851, 0.9589726496559061, 0.9367369890271795, 0.8675288917200668, 0.9449866492037013, 0.9538764708521023, 0.8950251508195182, 0.8776007718212518, 0.9046488145825111, 0.9207760902475641, 0.6984299058175416, 0.9538415693520534, 0.8852982085876586], [0.9322944038755805, 0.9543209298714727, 0.9599812105750575, 0.9911504893557073, 0.9518059753030043, 0.979366671562962, 0.8783416482284369, 0.567302474428891, 0.9662571946160475, 0.9536772687024011, 0.8056842023259243, 0.8483314254497883, 0.875910225096084, 0.9652113382123694, 0.9855130397441001, 0.7757072672133213, 0.9730099646163184, 0.9703677827301019, 0.8825798586572381, 0.6432787222218981, 0.9330889707889606, 1.0, 0.7966578887763655, 0.9524580272780484, 0.8056605195861739, 0.9000990166916137, 0.9798085766466836, 0.930679757946542, 0.9087392390539649, 0.954871096251162, 0.9684415602030957, 0.962421440595851, 0.9455604888608502, 0.8987677238786865, 0.6107212239721772, 0.874190399462835, 0.979216485192583, 0.9725439102496801, 0.9028101199921895, 0.9607194388366133, 0.8450989512657601, 0.8617594534497012, 0.985866666346169, 0.9759534512907106, 0.9262533465934067, 0.922261032210388, 0.9633560672167026, 0.9587136791155849, 0.7084007583672047, 0.9856542634921408, 0.9280225763765716], [0.7056807395979776, 0.6614884176794424, 0.747153012670773, 0.8135794047547803, 0.6926263393099639, 0.8554382021020673, 0.5897614153425867, 0.1245752157458316, 0.8715526740451954, 0.7912066001487608, 0.971492420916913, 0.48395213803453924, 0.9532199857409757, 0.8673969424316235, 0.8009713839721568, 0.5827732613399017, 0.7786424245635226, 0.676804736648241, 0.7110644244841343, 0.6094433409072226, 0.8244979484230395, 0.7966578887763655, 1.0000000000000002, 0.6729132541869666, 0.8544104915287678, 0.7005078817155168, 0.7308067279501349, 0.6501886978161776, 0.6109528892023783, 0.8362627071113518, 0.7787337225298662, 0.8793815510466161, 0.6423189826149823, 0.5911457634766712, 0.34320683375274164, 0.626670943862448, 0.8576411597967385, 0.8094735365295617, 0.8780862625884563, 0.8859970210942424, 0.7639686890940998, 0.9478735568179487, 0.8336893371420963, 0.8569523420957085, 0.6235526157824275, 0.8008222088233291, 0.7147774670833333, 0.8177705517676327, 0.9018804183602489, 0.8169591942980979, 0.6899429753411057], [0.9810671493418733, 0.9853390939064319, 0.9391564913637402, 0.9397576755711857, 0.9838623845949959, 0.9057580271201353, 0.9180520321137945, 0.7064252612910134, 0.9013751664658389, 0.9417941425977827, 0.6835888348749177, 0.9252717251656506, 0.7881729629746071, 0.9030500589362856, 0.9651437914510621, 0.7235386301120791, 0.9600866439215839, 0.980609974697411, 0.843526226375088, 0.5890187082513472, 0.9212461309048082, 0.9524580272780484, 0.6729132541869666, 1.0, 0.7004987161533858, 0.8445671461080851, 0.9864093888163495, 0.9754650581701122, 0.9742462549787706, 0.8827152017804905, 0.9606734112522758, 0.9181251340852388, 0.9797812325178369, 0.9776428360041858, 0.6443358980458639, 0.8704912824278928, 0.9253244112780664, 0.9191513594484716, 0.8584680775803937, 0.8928658740122822, 0.8607342999651111, 0.778304942522326, 0.9308152253206343, 0.9259565355578688, 0.9835207732712757, 0.9032417304379894, 0.9613671667532914, 0.9139703742328487, 0.5496447608086068, 0.9422873056135008, 0.9167213301493914], [0.7117016445856353, 0.6862268356698671, 0.8019651524501146, 0.8141302711015492, 0.6939081469089803, 0.8319554261982308, 0.6927428993164424, 0.2798039859492971, 0.8523796206914878, 0.8025432044688635, 0.8643198830167843, 0.5982702905381455, 0.8538486176499029, 0.8783461291822912, 0.786195063849379, 0.6928458046511264, 0.7675853193118741, 0.7230945917213158, 0.739640697371712, 0.42174516454624617, 0.7417271672643995, 0.8056605195861739, 0.8544104915287678, 0.7004987161533858, 1.0, 0.7859533624936017, 0.7381767082147861, 0.6944181046716795, 0.652144879122624, 0.817328517979025, 0.7857639359793336, 0.8648272678737285, 0.6834228520386342, 0.6157999267045998, 0.5377171950818672, 0.7184070771524869, 0.8395496289006523, 0.8025759008842714, 0.7655558493207388, 0.8289967884351251, 0.6839901211462034, 0.9159795486588863, 0.8167384492182835, 0.8354985389760139, 0.6704814159268453, 0.8899942054367798, 0.7809496236516192, 0.8191320707098948, 0.8281535376357098, 0.818835563424944, 0.7598653858065372], [0.8282306890231743, 0.8671318232236727, 0.9474902075051703, 0.9149455897142255, 0.8472095005925743, 0.8782422282030314, 0.8958116012231871, 0.5801987855645941, 0.905847004161544, 0.8525827883627589, 0.74181135508812, 0.8052877981669112, 0.7699310017849325, 0.8972320164383729, 0.8897915979503493, 0.9265308743008573, 0.8664305397606451, 0.8854090398754426, 0.8194751515442871, 0.5666966030027842, 0.8273705681076209, 0.9000990166916137, 0.7005078817155168, 0.8445671461080851, 0.7859533624936017, 1.0, 0.8854930845224805, 0.8659098674714748, 0.825180935214539, 0.8714428566458369, 0.8885781968495501, 0.8515887673259004, 0.8825401673285427, 0.8103250787359318, 0.7762173931626214, 0.9312833960162747, 0.8672674361546727, 0.9165579322277363, 0.7902199966463122, 0.8634231420196311, 0.8010781456053805, 0.7676365204630087, 0.8802311546518928, 0.8614512960160232, 0.8406957259206583, 0.8982926586968818, 0.9439878600074646, 0.8966548046139818, 0.6769119197952617, 0.8829337350696472, 0.9352551241439555], [0.9705460173497636, 0.9844170605538042, 0.9611696532032346, 0.9736701041988931, 0.9795290263672394, 0.9441371353891062, 0.9031855830818342, 0.6563378695522326, 0.9379947247587188, 0.9416305194669182, 0.743834147877847, 0.9023998992495306, 0.8345974427549542, 0.935557523715136, 0.9862277353355257, 0.7679027486843788, 0.9759801144182306, 0.9857105973785525, 0.8510512128576911, 0.6193538547865564, 0.9426033333516673, 0.9798085766466836, 0.7308067279501349, 0.9864093888163495, 0.7381767082147861, 0.8854930845224805, 0.9999999999999999, 0.9635478635014356, 0.9512478606145184, 0.9168136644889621, 0.9682699461902571, 0.9411302224019094, 0.9789874496987876, 0.9595133722892412, 0.6398092896213201, 0.8850462157452438, 0.958187207183364, 0.952242587070702, 0.8843572184349427, 0.9288206776796492, 0.8736476417269565, 0.8177900279351138, 0.9636991037061778, 0.9560984960457561, 0.9701440116102105, 0.914172540912601, 0.9723349528124091, 0.9475401847017653, 0.6132931666671131, 0.9692881235030198, 0.9432888451803487], [0.9692693333111518, 0.9647173262565161, 0.9457939605058547, 0.9147430257505951, 0.9640671959879282, 0.8759720153254953, 0.9608858977132231, 0.7482489014729381, 0.8961565914752608, 0.9083773604723824, 0.6644986784868422, 0.9383612955309844, 0.7568942749438842, 0.8952312354309034, 0.9443228142542519, 0.7405570877049391, 0.9149337187457185, 0.9648411585570925, 0.8403818717285395, 0.5655765208741238, 0.9004300388126886, 0.930679757946542, 0.6501886978161776, 0.9754650581701122, 0.6944181046716795, 0.8659098674714748, 0.9635478635014356, 1.0000000000000002, 0.9893544949254622, 0.8507230601211674, 0.9512487593118731, 0.8878888259759001, 0.9764732080177698, 0.97237020691232, 0.6954503470630149, 0.9070454948174578, 0.8971547108755806, 0.9107250127149584, 0.8364145662051873, 0.8694417455762452, 0.8739297640763167, 0.7605015497262, 0.8969449408542771, 0.9101189170213574, 0.9824108136759591, 0.9100515742299874, 0.9617458393980686, 0.889387079626827, 0.5509209294380859, 0.9114833812473238, 0.9170973566276337], [0.967901329550977, 0.9610266835508965, 0.9168578818909815, 0.8885016236118333, 0.9654941782907883, 0.8483487267914088, 0.9536524791849873, 0.7628944593319442, 0.8592897531122167, 0.9022614731234058, 0.6175683336050802, 0.9347873443257028, 0.7251322055257977, 0.8594808852232247, 0.9232506274088539, 0.7033454111250914, 0.9075368234277355, 0.9510458340181859, 0.820631784750183, 0.562528252778617, 0.8811309905551411, 0.9087392390539649, 0.6109528892023783, 0.9742462549787706, 0.652144879122624, 0.825180935214539, 0.9512478606145184, 0.9893544949254622, 1.0, 0.8332067185545416, 0.9390415631224954, 0.8695922251004153, 0.9678986854687781, 0.9725328577624269, 0.679683950064269, 0.867842261000052, 0.8677294824412427, 0.8788606343630256, 0.820844424845313, 0.8409868237170356, 0.8541721195993112, 0.722352659966284, 0.8724643729136511, 0.882695185135211, 0.9771243270722224, 0.8908427079681445, 0.9432986549718615, 0.8704708883477353, 0.49411712448259953, 0.8906532777157832, 0.8861665746290667], [0.851050638585752, 0.8725959589021047, 0.9246893653745131, 0.9659924197272374, 0.8962723782115897, 0.9597487698419461, 0.8342960044499848, 0.42123743045660783, 0.940833575601489, 0.9362496776438419, 0.8514294112767865, 0.742901415700204, 0.897395666444506, 0.9543294088570538, 0.9262467112370621, 0.7677336756182501, 0.9548352063126482, 0.8993438969167498, 0.8888704602067939, 0.6930070705396046, 0.894075052702667, 0.954871096251162, 0.8362627071113518, 0.8827152017804905, 0.817328517979025, 0.8714428566458369, 0.9168136644889621, 0.8507230601211674, 0.8332067185545416, 1.0, 0.9532630959929398, 0.9474608754911896, 0.8501133160556619, 0.8103466964301067, 0.5741304734409584, 0.8389239551330254, 0.9367482690474753, 0.9554916705131954, 0.9158047881585644, 0.949706684773907, 0.8108716193906065, 0.8476643261235229, 0.9640155668215641, 0.9453552972993845, 0.8286724820799934, 0.89366922230943, 0.9208652527596047, 0.912248299187762, 0.7952723219582417, 0.9393202756913092, 0.8829192780342155], [0.9433489395835913, 0.944996640001233, 0.9697591057195563, 0.9677486539949534, 0.9648248820164954, 0.9489536916703436, 0.9249221066657277, 0.581040243440705, 0.9519601607201147, 0.9673625673734738, 0.7974086397686743, 0.8472907209141228, 0.8736565969176927, 0.9578207075888541, 0.9660379332540683, 0.7714186747843218, 0.9708250964518718, 0.9527043979318788, 0.9004169763802963, 0.6827796841708189, 0.9458428682968245, 0.9684415602030957, 0.7787337225298662, 0.9606734112522758, 0.7857639359793336, 0.8885781968495501, 0.9682699461902571, 0.9512487593118731, 0.9390415631224954, 0.9532630959929398, 1.0, 0.9545410218513427, 0.9353835251471014, 0.916057068245056, 0.6221696946862225, 0.9017437063211096, 0.9452070985305463, 0.9676985875278996, 0.9303178617504758, 0.9539054482568324, 0.8942599654041176, 0.8391351997850562, 0.9599502462435695, 0.958544537052507, 0.9317660171753869, 0.9332878761449729, 0.969983455071182, 0.9278476117533396, 0.7131096074063281, 0.9583255162921969, 0.9317829048007702], [0.9226124827596124, 0.9030063309887635, 0.9236207552009447, 0.9608277152769494, 0.9165143395573359, 0.9662819761353135, 0.8295975697866911, 0.464437608909681, 0.9618613483360499, 0.9594303518244536, 0.880045770346033, 0.7819427169579288, 0.9395514416442071, 0.968371680603022, 0.9631862938957508, 0.7163976467441495, 0.9519814948487149, 0.9152085211398334, 0.8603890673580618, 0.6275717648261702, 0.9426635761287072, 0.962421440595851, 0.8793815510466161, 0.9181251340852388, 0.8648272678737285, 0.8515887673259004, 0.9411302224019094, 0.8878888259759001, 0.8695922251004153, 0.9474608754911896, 0.9545410218513427, 1.0, 0.8884353544195259, 0.8548516336773355, 0.5417117689572684, 0.82491147767185, 0.9791591963173687, 0.944699611387732, 0.9265273216746435, 0.9659939837583467, 0.8574648000532732, 0.9345421828470518, 0.973318391301134, 0.9759980818224167, 0.8813102531771405, 0.9438221762870087, 0.9245800150098177, 0.9447462807508835, 0.7792851616001729, 0.9709118576089468, 0.8816213389128073], [0.9711094410810719, 0.9902695038793875, 0.9391324392798326, 0.9295508051039394, 0.9729347401786737, 0.8931076267205815, 0.9250177047751613, 0.7503287933799805, 0.9005465239389154, 0.9106762279637408, 0.6535327119546142, 0.9469910697816637, 0.749469370561982, 0.8895262857523961, 0.9613739037941924, 0.7697034395966855, 0.9309913575799148, 0.9826997976098234, 0.8342640063718341, 0.5737204671767189, 0.9010823601180019, 0.9455604888608502, 0.6423189826149823, 0.9797812325178369, 0.6834228520386342, 0.8825401673285427, 0.9789874496987876, 0.9764732080177698, 0.9678986854687781, 0.8501133160556619, 0.9353835251471014, 0.8884353544195259, 1.0, 0.9723104602313386, 0.6792658467944778, 0.8898984782526991, 0.9100631295727636, 0.9136428649292124, 0.8277920043932863, 0.8761362410238479, 0.8533464524821165, 0.7578083851156466, 0.9069064762159715, 0.9060420763894003, 0.9877764272683194, 0.8955907023889028, 0.9639208574690695, 0.9205628028488578, 0.5231615737522681, 0.9324776198957284, 0.9225896761114097], [0.9702009711035672, 0.9682705931677954, 0.9092409658992174, 0.8871302129180502, 0.9619478401726601, 0.8366785801330023, 0.9111570708659378, 0.7738202723897079, 0.8495103906506107, 0.8740543070054804, 0.6060470470051531, 0.9473954401651019, 0.7127765879173462, 0.848312505117419, 0.9251398902936624, 0.6985004873501706, 0.9079128967054896, 0.9599751175160914, 0.7854673691787721, 0.5330947284454919, 0.8838398137429644, 0.8987677238786865, 0.5911457634766712, 0.9776428360041858, 0.6157999267045998, 0.8103250787359318, 0.9595133722892412, 0.97237020691232, 0.9725328577624269, 0.8103466964301067, 0.916057068245056, 0.8548516336773355, 0.9723104602313386, 1.0, 0.664812340231093, 0.8680553662853937, 0.8692951784758494, 0.872516069295523, 0.7990614693603078, 0.8258796422522219, 0.8536730760404075, 0.7132768757199176, 0.8688085991447109, 0.8762301520006505, 0.9851312058204675, 0.8616597072902241, 0.9311766942745967, 0.8686640595345256, 0.46103453466931005, 0.8839421371170387, 0.904506097700593], [0.6186755551179716, 0.658520916690543, 0.7178362023469266, 0.6262200899713788, 0.6096730688320487, 0.5366315574906412, 0.7908553688172953, 0.6885123605946204, 0.5955865455584683, 0.5814928007369756, 0.4097702764570997, 0.7187133988686333, 0.4120058603670709, 0.6059764738598631, 0.5961018144598311, 0.7363955700778341, 0.5904911663364172, 0.6791533823872858, 0.5411413631135354, 0.14482892372603884, 0.49166420155898405, 0.6107212239721772, 0.34320683375274164, 0.6443358980458639, 0.5377171950818672, 0.7762173931626214, 0.6398092896213201, 0.6954503470630149, 0.679683950064269, 0.5741304734409584, 0.6221696946862225, 0.5417117689572684, 0.6792658467944778, 0.664812340231093, 1.0000000000000002, 0.7678973812214014, 0.5454425968461304, 0.6078622954748144, 0.40783126673827763, 0.4888231791785091, 0.5152972720081785, 0.46848427471309567, 0.5662167513420039, 0.546024462599867, 0.6662674078648173, 0.7023918992898883, 0.7425041703943865, 0.6384021658911999, 0.3113752357746749, 0.5727738912357676, 0.7360929288116121], [0.8488044005420788, 0.879563289331677, 0.9593480594216458, 0.8866322646589889, 0.8647650133527517, 0.8318780415724515, 0.9363791915240716, 0.678668424332583, 0.8923689105699049, 0.8456388237585251, 0.6843858472645359, 0.8518023509914744, 0.7186497750669814, 0.8841739607019249, 0.8737446142514992, 0.8698448716170212, 0.8401080721855578, 0.9019479439267771, 0.860701457462422, 0.5528112155843633, 0.8173187798877108, 0.874190399462835, 0.626670943862448, 0.8704912824278928, 0.7184070771524869, 0.9312833960162747, 0.8850462157452438, 0.9070454948174578, 0.867842261000052, 0.8389239551330254, 0.9017437063211096, 0.82491147767185, 0.8898984782526991, 0.8680553662853937, 0.7678973812214014, 0.9999999999999998, 0.8338084213850759, 0.9177285255575267, 0.7705253313476506, 0.8328279479411367, 0.8333572379823766, 0.7221187445798952, 0.8437459768575998, 0.8494467161779035, 0.876679573120415, 0.8856868731109915, 0.9429716492155127, 0.8516032306500719, 0.6504749524918848, 0.8472723976952068, 0.9465266012763794], [0.9226931394876197, 0.9200303927623258, 0.9333148103634702, 0.9764446969197625, 0.9222064375519401, 0.9751970669818298, 0.8202222616648407, 0.49920782401199926, 0.9676634624430848, 0.935257933913614, 0.8587125090939314, 0.8019329372608835, 0.9179288610585307, 0.9679070616296782, 0.9779084655592584, 0.7366771493915545, 0.9556855309529181, 0.9364008931381465, 0.8442252998610692, 0.6223646865525031, 0.9472241896361053, 0.979216485192583, 0.8576411597967385, 0.9253244112780664, 0.8395496289006523, 0.8672674361546727, 0.958187207183364, 0.8971547108755806, 0.8677294824412427, 0.9367482690474753, 0.9452070985305463, 0.9791591963173687, 0.9100631295727636, 0.8692951784758494, 0.5454425968461304, 0.8338084213850759, 0.9999999999999998, 0.9572139325322158, 0.9163485512505226, 0.9658339578328029, 0.8561453534487427, 0.9150431806175954, 0.9851748321379799, 0.9858078480398723, 0.8952633008509111, 0.9230272998043209, 0.9311824816071614, 0.9472723413064169, 0.7589142766283622, 0.9796905404881509, 0.9034622263480434], [0.8971206001653815, 0.9206425414392353, 0.973907132276679, 0.9827209816730609, 0.9286574222141019, 0.9687661277962977, 0.8846942196466369, 0.5411523765359064, 0.9734305813141603, 0.9290899639728174, 0.8278740689938635, 0.817464071955354, 0.88215240131975, 0.9721247594203624, 0.9652263943149352, 0.834145974972942, 0.9491337027889715, 0.9415482185846119, 0.899012472083482, 0.7229292804485091, 0.9296700235755426, 0.9725439102496801, 0.8094735365295617, 0.9191513594484716, 0.8025759008842714, 0.9165579322277363, 0.952242587070702, 0.9107250127149584, 0.8788606343630256, 0.9554916705131954, 0.9676985875278996, 0.944699611387732, 0.9136428649292124, 0.872516069295523, 0.6078622954748144, 0.9177285255575267, 0.9572139325322158, 1.0, 0.9243138940379384, 0.9708287494641595, 0.888043614032079, 0.8473412982336866, 0.9634564125171743, 0.9650896783396495, 0.8930868226959096, 0.911696812501861, 0.9602917146795741, 0.9356357173009912, 0.7802226835959495, 0.9618773961978073, 0.9479523500691526], [0.8689662299262029, 0.8439678718611809, 0.880285979523942, 0.9092777020146849, 0.8906559620105042, 0.9341634678899899, 0.7765207613243597, 0.39331816411463266, 0.9240299472841982, 0.899391979921893, 0.870860700337858, 0.6894944257858283, 0.9357115764021239, 0.9221564065399136, 0.9202668281211072, 0.6902730616148209, 0.9176338251873675, 0.8375965899981974, 0.8284005066217296, 0.8046715128031464, 0.9553508499609851, 0.9028101199921895, 0.8780862625884563, 0.8584680775803937, 0.7655558493207388, 0.7902199966463122, 0.8843572184349427, 0.8364145662051873, 0.820844424845313, 0.9158047881585644, 0.9303178617504758, 0.9265273216746435, 0.8277920043932863, 0.7990614693603078, 0.40783126673827763, 0.7705253313476506, 0.9163485512505226, 0.9243138940379384, 1.0, 0.9695664778526989, 0.9161627290479